1
0,200,200,200,4,1,5,1,5,17,4,17
2
0,200,200,200,0,0,10,0,10,8,2,8,2,12,10,12,10,14,0,14,0,6,8,6,8,2,0,2
3
0,200,200,200,0,0,10,0,10,14,0,14,0,12,8,12,8,8,0,8,0,6,8,6,8,2,0,2
4
0,200,200,200,0,0,2,0,2,6,8,6,8,0,10,0,10,14,8,14,8,8,0,8
5
0,200,200,200,0,0,10,0,10,2,2,2,2,6,10,6,10,14,0,14,0,12,8,12,8,8,0,8
6
0,200,200,200,0,0,10,0,10,2,2,2,2,6,10,6,10,14,0,14
1,0,0,0,2,8,8,8,8,12,2,12
7
0,200,200,200,0,0,10,0,2,14,0,14,8,2,0,2
8
0,200,200,200,0,0,10,0,10,14,0,14
1,0,0,0,2,2,8,2,8,6,2,6
1,0,0,0,2,8,8,8,8,12,2,12
9
0,200,200,200,0,0,10,0,10,14,8,14,8,8,0,8
1,0,0,0,2,2,8,2,8,6,2,6
0
0,200,200,200,0,0,10,0,10,14,0,14
1,0,0,0,2,2,8,2,8,12,2,12
A
0,200,200,200,0,0,10,0,10,14,8,14,8,8,2,8,2,14,0,14
1,0,0,0,2,2,8,2,8,6,2,6
B
0,200,200,200,0,0,8,0,10,3,8,6,8,8,10,11,8,14,0,14
1,0,0,0,2,1,6,1,6,7,2,7
1,0,0,0,2,7,6,7,6,13,2,13
C
0,200,200,200,0,0,10,0,10,2,2,2,2,11,10,11,10,14,0,14
D
0,200,200,200,0,0,8,0,10,7,8,14,0,14
1,0,0,0,2,2,6,2,8,7,6,12,2,12
E
0,200,200,200,0,0,10,0,10,2,2,2,2,6,10,6,10,8,2,8,2,11,10,11,10,14,0,14
F
0,200,200,200,0,0,10,0,10,2,2,2,2,6,10,6,10,8,2,8,2,14,0,14
G
0,200,200,200,2,0,8,0,10,4,8,4,6,2,4,2,2,4,2,10,4,12,6,12,8,10,8,8,6,8,6,6,10,6,10,10,8,14,2,14,0,10,0,4
H
0,200,200,200,0,0,2,0,2,6,8,6,8,0,10,0,10,14,8,14,8,8,2,8,2,14,0,14
I
0,200,200,200,0,0,10,0,10,2,6,2,6,11,10,11,10,14,0,14,0,11,4,11,4,2,0,2
J
0,200,200,200,0,0,10,0,10,14,0,14,0,8,2,8,2,12,8,12,8,2,0,2
K
0,200,200,200,0,0,2,0,2,6,8,0,10,0,6,7,10,14,8,14,2,8,2,14,0,14
L
0,200,200,200,0,0,2,0,2,10,10,10,10,14,0,14
M
0,200,200,200,0,0,2,0,5,6,8,0,10,0,10,14,8,14,8,6,5,8,2,6,2,14,0,14
N
0,200,200,200,0,0,2,0,8,12,8,0,10,0,10,14,8,14,2,4,2,14,0,14
O
0,200,200,200,0,0,10,0,10,14,0,14
1,0,0,0,2,2,8,2,8,12,2,12
P
0,200,200,200,0,0,2,0,8,0,10,4,8,8,2,8,2,14,0,14
1,0,0,0,2,2,6,2,8,4,6,6,2,6
R
0,200,200,200,0,0,2,0,8,0,10,4,8,8,4,8,10,14,8,14,2,8,2,14,0,14
1,0,0,0,2,2,6,2,8,4,6,6,2,6
S
0,200,200,200,0,0,10,0,10,2,2,2,2,6,10,6,10,14,0,14,0,12,8,12,8,8,0,8
T
0,200,200,200,0,0,10,0,10,2,6,2,6,14,4,14,4,2,0,2
U
0,200,200,200,0,0,2,0,2,10,8,10,8,0,10,0,10,14,0,14
V
0,200,200,200,0,0,2,0,5,12,8,0,10,0,6,14,4,14
X
0,200,200,200,0,0,2,0,5,6,8,0,10,0,8,7,10,14,8,14,5,8,2,14,0,14,2,7
Y
0,200,200,200,0,0,2,0,5,6,8,0,10,0,6,8,6,14,4,14,4,8
Z
0,200,200,200,0,0,10,0,10,2,2,12,10,12,10,14,0,14,0,12,8,2,0,2
