0,10,100,10,16,40,24,46,50,49,62,59,66,63,86,82,92,90,106,102,107,97,115,108,122,108,128,118,141,126,149,125,153,130,152,142,149,147,166,153,167,160,166,167,172,169,173,175,183,175,193,187,190,197,192,202,188,232,181,224,178,232,171,229,168,235,163,229,155,218,145,213,128,202,124,191,116,187,104,171,105,167,99,158,98,152,87,141,76,128,69,106,59,97,53,95,48,86,45,84,39,74,27,68,16,55,14,50,14,44
0,10,100,10,181,246,187,243,192,234,197,234,230,240,237,246,267,251,271,242,277,244,297,250,302,252,306,256,307,262,315,266,323,264,330,266,331,277,333,280,315,276,309,273,300,277,289,274,281,276,266,271,258,266,237,263,224,267,217,262,199,257,198,253,190,249,181,249
0,10,100,10,250,101,255,107,265,107,274,112,278,105,276,102,282,93,299,86,308,83,323,69,336,62,350,44,352,44,363,31,370,26,370,19,376,20,380,25,384,28,388,37,396,42,399,41,403,45,412,50,410,53,397,56,399,66,391,67,387,72,385,80,380,81,390,95,388,106,399,114,403,117,405,119,397,123,390,121,387,130,385,136,383,144,383,151,373,158,371,158,366,165,368,174,364,187,355,200,343,205,337,204,332,196,326,192,321,194,319,192,309,187,307,193,298,192,292,192,289,194,287,184,282,183,273,187,262,183,258,167,261,160,256,155,251,156,250,152,244,140,240,123,244,109
0,10,100,10,334,273,339,274,345,272,352,276,345,284,338,280
0,10,100,10,364,274,370,278,364,285,360,282,360,279
0,10,100,10,373,278,378,277,386,277,389,280,395,279,386,274,393,272,396,274,401,275,410,277,403,284,385,285,373,288
0,10,100,10,441,115,450,117,454,121,462,121,472,124,477,124,494,123,508,111,509,110,513,112,509,121,503,130,489,134,478,132,457,131,454,130,446,132,437,130,430,135,432,153,437,155,440,161,446,162,454,154,459,155,470,151,476,154,476,161,476,165,464,166,459,169,450,171,457,179,465,188,465,196,471,203,475,209,470,214,464,214,462,218,455,220,450,214,453,209,441,198,445,189,445,183,437,181,429,190,435,192,434,206,435,210,435,219,434,226,437,231,434,233,426,232,416,226,415,218,421,204,416,193,411,195,408,196,405,186,409,174,416,167,414,161,420,151,423,141,427,130,431,124,436,126
0,10,100,10,425,283,425,281,431,276,451,280,456,280,467,282,475,275,469,285,454,287,439,287
0,10,100,10,500,171,503,168,511,169,525,171,508,174
0,10,100,10,528,194,540,191,549,196,548,201,537,205,531,201
0,10,100,10,558,104,560,110,557,120,564,116,570,113,572,118,565,125,570,131,572,133,558,130,558,138,561,145,563,148,555,142,554,137,552,127,553,123,552,110
0,10,100,10,565,187,577,186,580,189,587,185,592,187,593,189,601,187,607,194,610,201,593,195,587,198,578,194,571,196,564,191
0,10,100,10,609,153,613,156,616,152,636,143,652,150,662,149,666,155,665,166,663,170,666,178,670,180,674,186,681,194,692,188,693,184,696,181,702,174,713,171,714,168,724,164,744,171,755,176,761,173,769,177,779,180,778,288,760,271,750,272,748,269,743,272,741,269,738,275,731,275,724,276,729,262,735,258,744,260,739,253,738,247,735,243,730,229,725,227,720,227,718,224,719,223,713,219,701,217,693,212,675,209,672,203,664,202,660,199,656,196,656,183,653,197,649,206,641,206,639,195,634,190,627,185,634,183,642,183,648,176,653,180,660,174,657,172,642,175,632,175,627,169,626,166,621,164,610,163,606,157,606,151
0,10,100,10,44,110,49,108,54,114,55,121,53,126,49,121
0,10,100,10,68,151,70,148,77,158,76,162,75,164,69,158
0,10,100,10,179,166,181,164,184,160,192,163,196,171,200,175,203,177,206,179,203,182,204,186,197,184,189,171,184,168
0,10,100,10,485,311,487,306,488,298,496,295,501,293,504,292,511,285,529,283,541,282,517,294,502,308,499,308,490,313
1,200,200,0,17,42,26,46,39,48,47,50,53,54,58,60,56,67,68,76,78,80,84,86,86,92,90,102,84,106,88,111,94,110,101,121,100,123,119,124,107,133,114,137,120,144,129,142,138,149,141,156,141,161,140,168,132,168,136,178,138,185,145,190,151,186,155,195,158,197,162,202,167,212,170,212,175,219,184,228,179,231,170,229,167,232,155,219,131,200,126,194,113,177,108,172,101,157,94,144,91,135,79,127,74,111,61,97,54,88,48,81,43,73,33,67,27,61,22,59,15,52,15,47
1,200,200,0,252,101,259,113,271,121,291,119,304,112,314,114,336,109,352,67,376,67,371,74,375,86,390,97,381,103,392,106,403,116,404,121,390,121,375,137,374,127,368,124,367,135,355,140,360,144,370,138,373,144,373,148,364,159,359,159,358,181,348,194,340,202,350,177,352,164,346,165,336,146,332,150,325,153,319,154,320,162,318,169,310,162,316,176,308,173,301,173,306,180,293,178,284,173,278,168,271,171,267,162,265,137,278,140,291,144,306,142,297,140,293,131,314,126,308,119,302,118,288,124,278,124,262,126,250,129,243,123,254,114,246,109
1,200,200,0,181,248,189,243,191,238,197,238,220,246,233,249,243,252,256,253,267,252,271,246,277,250,291,252,285,257,274,256,275,260,293,263,303,261,312,266,326,266,330,268,330,276,332,280,314,274,310,272,301,276,285,272,282,275,262,270,259,267,254,262,239,260,233,265,224,265,212,259,200,257,200,255,201,250,193,249,191,247
1,200,200,0,441,116,451,119,455,122,466,121,472,126,478,124,495,123,505,112,509,109,512,112,505,124,499,131,481,133,471,131,456,131,452,129,443,132,434,131,428,137,429,151,436,156,439,162,444,162,453,154,459,155,471,152,475,155,480,159,484,160,477,166,465,168,454,169,448,169,447,171,455,177,461,183,466,189,461,195,467,201,472,206,471,211,462,211,459,215,461,218,459,220,454,218,450,214,453,206,441,197,444,187,442,183,435,185,428,188,426,191,432,191,432,199,435,203,429,204,427,204,426,207,432,212,431,223,431,227,434,230,423,231,415,225,414,219,420,211,420,199,415,193,407,195,405,189,406,184,414,174,418,170,414,164,414,159,420,146,424,136,429,126,436,126
1,200,200,0,334,272,340,274,345,272,352,276,343,282,338,278,333,275
1,200,200,0,364,273,369,275,369,279,364,284,356,283
1,200,200,0,373,278,385,279,396,280,386,276,393,274,409,279,395,284,375,287
1,200,200,0,425,280,431,277,449,280,457,279,467,282,449,285,427,284
1,200,200,0,487,308,487,301,494,294,501,292,507,290,510,296,501,302,492,305
1,200,200,0,559,103,558,112,557,121,565,114,571,112,571,118,561,124,571,130,557,130,558,134,552,130,552,120,551,108
1,200,200,0,500,170,502,168,524,171,504,173
1,200,200,0,528,197,530,191,538,191,549,198,540,203
1,200,200,0,561,188,581,187,591,187,593,190,600,190,605,198,606,201,589,196,584,196,574,195,568,196
1,200,200,0,614,154,637,144,653,150,660,150,654,161,657,163,663,158,661,172,669,187,669,182,680,194,688,190,702,184,706,184,703,182,702,179,707,176,717,173,720,167,723,166,740,170,752,178,762,177,775,181,775,234,773,234,765,231,766,227,760,230,756,227,757,220,731,216,710,211,700,210,691,210,679,209,675,206,674,200,667,203,665,203,656,195,657,187,653,189,647,193,641,195,638,192,631,186,629,186,629,184,635,184,640,185,644,188,653,184,653,180,659,177,659,173,651,173,645,171,621,162